0.000000
2.000000
2.200000
2.533333
2.400000
2.480000
2.533333
2.571429
2.600000
2.666667
2.680000
2.763636
2.833333
2.923077
2.942857
2.960000
2.975000
2.988235
3.000000
3.031579
3.040000
3.085714
3.109091
3.130435
3.116667
3.104000
3.138462
3.155555
3.157143
3.131034
3.146667
3.122581
3.137500
3.127273
3.117647
3.120000
3.133333
3.135135
3.136842
3.138462
3.140000
3.151220
3.133333
3.153488
3.145455
3.146667
3.147826
3.157447
3.150000
3.151021
3.160000
3.145098
3.146154
3.147170
3.155555
3.141818
3.135714
3.129825
3.124138
3.125424
3.120000
3.121311
3.122581
3.117460
3.118750
3.126154
3.127273
3.134328
3.123529
3.124638
3.131428
3.126760
3.138889
3.145205
3.145946
3.157333
3.163158
3.168831
3.164103
3.169620
3.165000
3.170370
3.175610
3.175904
3.180952
3.176471
3.181395
3.177011
3.181818
3.182023
3.186667
3.182418
3.191304
3.191398
3.187234
3.191579
3.195833
3.204124
3.187755
3.187879
3.196000
3.200000
3.203922
3.203883
3.211539
3.211429
3.203773
3.200000
3.188889
3.185321
3.192727
3.200000
3.200000
3.189381
3.182456
3.182609
3.186207
3.179487
3.179661
3.176471
3.176667
3.180165
3.170492
3.170732
3.170968
3.174400
3.171429
3.168504
3.168750
3.172093
3.175385
3.175573
3.175758
3.172932
3.176119
3.173333
3.176471
3.170803
3.171015
3.171223
3.171429
3.174468
3.177465
3.174825
3.172222
3.172414
3.178082
3.175510
3.175676
3.167785
3.168000
3.168212
3.165789
3.166013
3.168831
3.169032
3.171795
3.169427
3.164557
3.169811
3.167500
3.162733
3.160494
3.158282
3.158537
3.151515
3.149398
3.154491
3.157143
3.150296
3.152941
3.153216
3.151163
3.151445
3.149425
3.147429
3.147727
3.143503
3.139326
3.144134
3.146667
3.144751
3.140659
3.138798
3.134783
3.137297
3.139785
3.142246
3.142553
3.140741
3.138947
3.135078
3.135417
3.135751
3.134021
3.136410
3.140816
3.145178
3.149495
3.149749
3.152000
3.148259
3.146535
3.148768
3.145098
3.147317
3.143689
3.143961
3.144231
3.142584
3.139048
3.141232
3.141510
3.138028
3.136449
3.134884
3.135185
3.131797
3.133945
3.136073
3.138182
3.136652
3.136937
3.137220
3.135714
3.137778
3.139823
3.140088
3.138597
3.140611
3.144348
3.141125
3.141379
3.143348
3.143590
3.138723
3.137288
3.137553
3.139496
3.138075
3.136667
3.136930
3.135537
3.137449
3.136065
3.137959
3.134959
3.133603
3.133871
3.132530
3.131200
3.126693
3.125397
3.120949
3.121260
3.121569
3.123437
3.123735
3.125582
3.125869
3.129231
3.129502
3.128244
3.130038
3.130303
3.129057
3.130827
3.129588
3.128358
3.130111
3.128889
3.124723
3.126471
3.129670
3.129927
3.131636
3.131884
3.132130
3.133813
3.134050
3.137143
3.133096
3.134752
3.137809
3.136620
3.135439
3.134266
3.131707
3.131944
3.130796
3.132414
3.129897
3.128767
3.127645
3.129252
3.130847
3.131081
3.129966
3.131544
3.131773
3.129333
3.130897
3.133775
3.133993
3.132895
3.133115
3.130719
3.129642
3.129870
3.128803
3.130323
3.131833
3.133333
3.134824
3.135032
3.135238
3.135443
3.136909
3.133333
3.132288
3.132500
3.135202
3.135404
3.134365
3.135803
3.136000
3.134969
3.135168
3.135366
3.136778
3.138182
3.138369
3.138554
3.137537
3.135329
3.134328
3.135714
3.138279
3.137278
3.136283
3.136471
3.135484
3.136842
3.137026
3.134884
3.135072
3.135260
3.134294
3.135632
3.133524
3.136000
3.135043
3.135227
3.134278
3.132203
3.132394
3.132584
3.133893
3.135195
3.134262
3.134444
3.133518
3.132597
3.134986
3.135165
3.136438
3.135519
3.134605
3.132609
3.130623
3.131892
3.129919
3.131183
3.131367
3.132620
3.130667
3.131915
3.133157
3.133333
3.134565
3.133684
3.133858
3.134031
3.130026
3.130208
3.128312
3.126425
3.126615
3.125773
3.123908
3.124103
3.122251
3.121428
3.120611
3.120812
3.118987
3.117172
3.118388
3.119598
3.119800
3.120000
3.121197
3.121393
3.123573
3.122772
3.124938
3.124138
3.125307
3.125490
3.125672
3.125854
3.127980
3.127184
3.126392
3.126570
3.124819
3.125000
3.125180
3.124402
3.123628
3.124762
3.124941
3.125118
3.125295
3.126415
3.127529
3.128639
3.129742
3.128972
3.129138
3.130233
3.128538
3.128704
3.129792
3.129954
3.130115
3.129358
3.129519
3.127854
3.127107
3.128182
3.128345
3.127602
3.127765
3.127928
3.128989
3.129148
3.127517
3.128572
3.129621
3.129778
3.129934
3.128319
3.126711
3.125110
3.122637
3.121930
3.121225
3.120524
3.121569
3.120870
3.121041
3.120346
3.120518
3.120690
3.120000
3.120172
3.121199
3.123077
3.124094
3.125106
3.123567
3.124576
3.124736
3.124895
3.124211
3.123529
3.122851
3.123849
3.124843
3.125000
3.125156
3.126141
3.126294
3.127273
3.128247
3.127572
3.128542
3.129508
3.129652
3.130612
3.130754
3.129268
3.129412
3.129555
3.131313
3.131452
3.131590
3.132530
3.131062
3.128000
3.127345
3.126693
3.127634
3.127778
3.127921
3.128063
3.128994
3.129921
3.128487
3.127059
3.126419
3.126563
3.127485
3.128405
3.129320
3.130233
3.129594
3.129730
3.130636
3.131538
3.130134
3.131034
3.131166
3.130534
3.130667
3.130799
3.132448
3.131818
3.131947
3.133585
3.135216
3.136842
3.137711
3.138577
3.137944
3.138806
3.139665
3.140520
3.140631
3.141481
3.141590
3.141697
3.142541
3.141912
3.140550
3.139927
3.140037
3.140146
3.140255
3.139636
3.138294
3.137681
3.137070
3.137184
3.135856
3.134532
3.135368
3.135484
3.136315
3.135714
3.136542
3.135943
3.136057
3.134043
3.132035
3.132862
3.133686
3.132394
3.133216
3.134035
3.134851
3.133566
3.132286
3.131011
3.129739
3.129861
3.129983
3.128028
3.128843
3.127586
3.127711
3.128522
3.127959
3.128767
3.128889
3.129010
3.128450
3.128572
3.127334
3.126780
3.126904
3.127027
3.127825
3.125926
3.126050
3.126174
3.125628
3.125752
3.123873
3.124667
3.124126
3.124253
3.123715
3.125165
3.125950
3.124753
3.124876
3.125000
3.124466
3.124590
3.125368
3.126144
3.126264
3.126384
3.127155
3.127273
3.126742
3.126861
3.126333
3.124516
3.125926
3.125402
3.124880
3.125641
3.126400
3.126518
3.124721
3.124204
3.124324
3.123810
3.123296
3.124051
3.122907
3.123028
3.123780
3.123899
3.124019
3.124138
3.124883
3.125625
3.126365
3.127103
3.125972
3.125466
3.125582
3.125077
3.125193
3.125926
3.124807
3.124923
3.126267
3.125153
3.125880
3.125382
3.124275
3.123171
3.123288
3.123404
3.123520
3.123030
3.123147
3.123263
3.123982
3.123494
3.123008
3.121321
3.121439
3.121557
3.121674
3.121791
3.122504
3.122024
3.120951
3.121068
3.118815
3.119527
3.119646
3.119764
3.119882
3.121176
3.119530
3.120234
3.120351
3.121053
3.121752
3.122449
3.122562
3.122093
3.122787
3.123478
3.124168
3.124277
3.124964
3.124496
3.125180
3.124713
3.124821
3.124928
3.125036
3.125143
3.125250
3.124217
3.124893
3.125568
3.126241
3.126346
3.125318
3.125424
3.126093
3.124507
3.125176
3.125843
3.124825
3.124370
3.124475
3.124022
3.124686
3.125348
3.124339
3.123333
3.122885
3.122438
3.122545
3.123204
3.123310
3.122314
3.121871
3.121978
3.120988
3.121096
3.121751
3.121858
3.122510
3.123161
3.122177
3.120109
3.120217
3.119241
3.118809
3.118378
3.119028
3.118059
3.118170
3.117742
3.116779
3.117426
3.118072
3.118182
3.116689
3.117333
3.117443
3.117553
3.118194
3.118833
3.118940
3.119577
3.120211
3.119261
3.119368
3.119474
3.120105
3.119685
3.119266
3.119895
3.120000
3.120627
3.120209
3.119792
3.119896
3.119481
3.120104
3.119689
3.120311
3.121447
3.122065
3.121134
3.121750
3.121851
3.122465
3.122564
3.121639
3.120205
3.120306
3.120408
3.121019
3.121629
3.122236
3.122843
3.122941
3.123038
3.123135
3.123737
3.124338
3.123930
3.124528
3.124121
3.124718
3.124812
3.124906
3.125000
3.125094
3.125187
3.125778
3.126368
3.124969
3.124566
3.124164
3.123762
3.124351
3.124938
3.125031
3.124630
3.123739
3.124324
3.123926
3.123529
3.122644
3.122249
3.122833
3.123415
3.123995
3.124574
3.123694
3.124272
3.125333
3.124939
3.124547
3.124155
3.124246
3.124337
3.123466
3.123077
3.123169
3.123741
3.123832
3.122967
3.123059
3.123150
3.123719
3.124762
3.125327
3.124941
3.125030
3.126066
3.125207
3.125768
3.125856
3.126415
3.126502
3.127059
3.127145
3.126291
3.125909
3.125527
3.125146
3.124766
3.123454
3.123077
3.123632
3.124186
3.123810
3.124362
3.123986
3.124537
3.124624
3.125635
3.125721
3.124885
3.124971
3.125057
3.124684
3.123394
3.123940
3.124943
3.124571
3.125114
3.124743
3.125285
3.125825
3.126364
3.125993
3.125623
3.125708
3.125339
3.125424
3.126411
3.124690
3.125676
3.126209
3.126742
3.127722
3.128251
3.129227
3.129307
3.129385
3.129464
3.128651
3.128285
3.128810
3.128444
3.129412
3.129490
3.130011
3.130089
3.128840
3.129801
3.130320
3.129956
3.130033
3.129670
3.129308
3.129825
3.130778
3.130853
3.130929
3.131004
3.131080
3.131155
3.130794
3.130870
3.131379
3.131887
3.131094
3.130303
3.130811
3.130886
3.130960
3.130604
3.131539
3.131183
3.131257
3.130472
3.130975
3.131906
3.132406
3.132479
3.132124
3.132623
3.132268
3.132766
3.133262
3.132484
3.131283
3.131780
3.132698
3.131501
3.131996
3.132067
3.132982
3.132632
3.132702
3.132773
3.132844
3.132495
3.131728
3.131799
3.131871
3.131942
3.132430
3.132500
3.132154
3.131809
3.131880
3.131950
3.131606
3.132091
3.132161
3.132645
3.132301
3.131959
3.132029
3.132099
3.131346
3.131417
3.131897
3.132787
3.132856
3.133333
3.133401
3.131837
3.131906
3.132383
3.132859
3.132927
3.132995
3.132657
3.131915
3.130769
3.130839
3.130909
3.131382
3.132258
3.132729
3.132797
3.132462
3.132932
3.132598
3.132265
3.132733
3.132400
3.133267
3.133333
3.133400
3.133865
3.133134
3.132406
3.132870
3.132936
3.133003
3.133861
3.134322
3.133992
3.133662
3.133333
3.133399
3.133858
3.133923
3.133988
3.134445
3.134510
3.134574
3.134638
3.135093
3.135156
3.135610
3.136062
3.136514
3.136965
3.136637
3.136311
3.135984
3.136434
3.136883
3.136944
3.137005
3.136680
3.136741
3.137572
3.137247
3.136923
3.137752
3.137812
3.137105
3.137548
3.138373
3.138814
3.137727
3.138168
3.137846
3.137905
3.137964
3.137643
3.137702
3.137381
3.137820
3.138258
3.138695
3.138752
3.139188
3.138868
3.138926
3.138230
3.137912
3.138346
3.138028
3.138837
3.138894
3.139326
3.139383
3.139813
3.139496
3.139552
3.139981
3.139292
3.138977
3.139405
3.139462
3.140260
3.141057
3.141111
3.141165
3.141220
3.141644
3.142435
3.141751
3.141805
3.141858
3.141544
3.142332
3.143119
3.142438
3.142125
3.142544
3.142962
3.142283
3.142701
3.142388
3.141348
3.141037
3.141091
3.141508
3.142287
3.142339
3.142391
3.142805
3.142495
3.142909
3.142599
3.142290
3.141622
3.142034
3.142806
3.142498
3.141831
3.142242
3.142294
3.141988
3.142039
3.142449
3.142500
3.141838
3.141176
3.141941
3.141281
3.141333
3.141741
3.140728
3.140780
3.141187
3.141947
3.142352
3.142756
3.143513
3.143915
3.143612
3.144014
3.144063
3.144464
3.145215
3.144912
3.145311
3.144659
3.144357
3.143357
3.143057
3.143456
3.143853
3.143903
3.143951
3.143652
3.144049
3.144792
3.144493
3.144541
3.144935
3.144983
3.145376
3.145423
3.145470
3.145517
3.145220
3.145611
3.145314
3.145361
3.146094
3.146484
3.145844
3.145890
3.145937
3.146325
3.146712
3.145734
3.146121
3.146167
3.146553
3.146259
3.146304
3.146689
3.146395
3.146102
3.146147
3.145516
3.145224
3.145270
3.145316
3.145363
3.145746
3.145791
3.146173
3.146219
3.146600
3.146980
3.146354
3.145394
3.145439
3.145485
3.145196
3.144908
3.143953
3.144667
3.144380
3.144426
3.145137
3.144850
3.145228
3.145274
3.145982
3.146026
3.145409
3.145455
3.145830
3.145545
3.146249
3.146293
3.145350
3.145724
3.145768
3.146141
3.146513
3.145902
3.145946
3.146645
3.147343
3.146732
3.146122
3.146166
3.146862
3.147231
3.147925
3.147968
3.147685
3.148052
3.148094
3.147812
3.147854
3.147573
3.147615
3.147334
3.147700
3.147097
3.147139
3.147504
3.147868
3.148553
3.148273
3.147352
3.146431
3.147115
3.146837
3.146880
3.146603
3.146965
3.146688
3.146092
3.146136
3.146178
3.145267
3.145628
3.145671
3.146032
3.146709
3.146117
3.146477
3.146835
3.147510
3.147867
3.148224
3.148896
3.148936
3.148976
3.149017
3.149057
3.149725
3.150079
3.150431
3.150157
3.150196
3.149922
3.149648
3.149688
3.149415
3.150078
3.150117
3.150156
3.150506
3.150233
3.150272
3.150000
3.149418
3.149767
3.149806
3.150155
3.149575
3.148686
3.149035
3.148765
3.149113
3.149461
3.148884
3.148923
3.148962
3.149002
3.149348
3.149080
3.148812
3.148239
3.147972
3.148012
3.147746
3.148092
3.148131
3.148171
3.148210
3.148554
3.147681
3.147416
3.147153
3.147496
3.147536
3.147879
3.148221
3.148260
3.148602
3.148338
3.147774
3.148115
3.148757
3.149096
3.148533
3.148571
3.149211
3.148949
3.148387
3.148126
3.148464
3.148204
3.148242
3.148580
3.148618
3.148955
3.148993
3.149627
3.150261
3.150893
3.150929
3.150966
3.150705
3.151039
3.151075
3.151111
3.150851
3.150296
3.150333
3.150369
3.150406
3.151032
3.151363
3.151988
3.152024
3.152353
3.152094
3.152129
3.152164
3.152493
3.152528
3.152855
3.153475
3.153509
3.153835
3.153285
3.152735
3.153061
3.153387
3.153712
3.153455
3.153488
3.154103
3.153846
3.153880
3.153623
3.153077
3.153690
3.154302
3.154335
3.154368
3.154401
3.154434
3.154467
3.154212
3.154245
3.154278
3.153448
3.153482
3.153228
3.153262
3.153582
3.153042
3.153076
3.152538
3.152286
3.152034
3.152068
3.152388
3.152422
3.152456
3.152489
3.152239
3.152273
3.151739
3.151489
3.150390
3.150708
3.150177
3.150778
3.150247
3.150000
3.150600
3.150917
3.150670
3.150986
3.151021
3.151055
3.151089
3.150843
3.151439
3.150912
3.150385
3.150140
3.150175
3.150210
3.150804
3.150838
3.151431
3.151743
3.151777
3.151253
3.151287
3.151599
3.151355
3.151389
3.150867
3.150902
3.150936
3.151247
3.150727
3.151314
3.151071
3.151105
3.150863
3.151172
3.151482
3.151515
3.151549
3.151857
3.151065
3.151374
3.151956
3.151166
3.150925
3.150685
3.150719
3.150752
3.151333
3.151093
3.150853
3.151433
3.151466
3.151771
3.151532
3.151021
3.151326
3.151359
3.150577
3.149796
3.150102
3.150136
3.149899
3.150203
3.149425
3.149730
3.149764
3.149798
3.149832
3.149865
3.150438
3.149663
3.149697
3.149731
3.150033
3.150067
3.150369
3.150670
3.150703
3.151272
3.151839
3.152139
3.152705
3.153004
3.153569
3.153600
3.153631
3.153662
3.153426
3.153192
3.153754
3.153519
3.153550
3.153581
3.153877
3.154172
3.154202
3.153968
3.153734
3.154029
3.154059
3.154090
3.154120
3.154150
3.154180
3.153947
3.154241
3.154271
3.154038
3.154068
3.154098
3.154391
3.153897
3.153665
3.153957
3.153987
3.153494
3.153786
3.154338
3.154368
3.154658
3.154167
3.153936
3.154226
3.153996
3.154286
3.153796
3.153307
3.153338
3.153368
3.153398
3.153687
3.153717
3.154005
3.154551
3.154581
3.154868
3.154639
3.154926
3.155212
3.154984
3.154499
3.154271
3.154300
3.153303
3.153590
3.153363
3.153137
3.152911
3.152941
3.152716
3.152746
3.153031
3.152551
3.152581
3.152866
3.152896
3.153181
3.153210
3.153240
3.153016
3.153046
3.153329
3.153105
3.153641
3.153924
3.153953
3.154488
3.154264
3.154293
3.153817
3.153090
3.153119
3.153400
3.153682
3.153459
3.153237
3.153266
3.152793
3.152070
3.152100
3.152130
3.151659
3.151690
3.151470
3.151250
3.151031
3.151061
3.151591
3.151371
3.150903
3.150685
3.150964
3.150995
3.151026
3.151056
3.151086
3.151613
3.151147
3.151425
3.151455
3.150990
3.151021
3.150556
3.150587
3.150864
3.150154
3.150185
3.149969
3.150000
3.149785
3.150062
3.150584
3.150860
3.151136
3.151166
3.151196
3.151471
3.151255
3.150551
3.150826
3.150856
3.150641
3.150916
3.151190
3.151464
3.151249
3.151523
3.151065
3.151095
3.150882
3.150668
3.150698
3.150728
3.150758
3.150788
3.150333
3.150847
3.150877
3.150907
3.151178
3.151691
3.151720
3.151990
3.151778
3.151566
3.151595
3.151624
3.151413
3.151923
3.151712
3.151741
3.152009
3.151319
3.151109
3.151138
3.150688
3.150478
3.150747
3.150777
3.150806
3.150835
3.150626
3.151132
3.151161
3.151667
3.151933
3.151962
3.151753
3.151544
3.151573
3.151839
3.151867
3.152133
3.151687
3.151953
3.152454
3.152482
3.152510
3.152538
3.152330
3.152359
3.152858
3.152179
3.152443
3.152471
3.152498
3.152761
3.153259
3.152582
3.151906
3.151700
3.151728
3.151757
3.151551
3.151345
3.151607
3.151869
3.151664
3.151459
3.151720
3.151981
3.151776
3.151106
3.150436
3.150465
3.150261
3.150058
3.150319
3.150348
3.150377
3.150637
3.150666
3.150232
3.150029
3.150058
3.150549
3.150808
3.151067
3.151326
3.151816
3.152074
3.151871
3.151899
3.151696
3.151494
3.150833
3.150861
3.151119
3.150918
3.151175
3.151203
3.150773
3.150343
3.150600
3.150400
3.150428
3.150685
3.149572
3.149145
3.149174
3.149203
3.149459
3.149943
3.149971
3.149545
3.149801
3.149830
3.150085
3.150340
3.150368
3.150623
3.150424
3.150226
3.149802
3.150057
3.150311
3.150339
3.150592
3.150620
3.150423
3.150676
3.150253
3.150731
3.150984
3.151236
3.151039
3.150617
3.150196
3.150224
3.150476
3.150728
3.150308
3.150112
3.150587
3.151062
3.151312
3.151116
3.151143
3.150502
3.150529
3.150334
3.150362
3.150612
3.150862
3.150445
3.150916
3.150721
3.150749
3.150776
3.151247
3.151052
3.151300
3.151106
3.151354
3.151381
3.151187
3.151656
3.151241
3.151709
3.151515
3.151322
3.151568
3.151595
3.151842
3.151868
3.152114
3.152360
3.152167
3.152193
3.152438
3.151807
3.151834
3.152079
3.151668
3.151694
3.151720
3.151528
3.151773
3.151799
3.152044
3.152505
3.152749
3.152339
3.152365
3.152609
3.152634
3.152877
3.152686
3.152495
3.152737
3.152763
3.152788
3.152597
3.152839
3.152216
3.152458
3.152700
3.152294
3.151888
3.151914
3.151940
3.151966
3.151561
3.151156
3.151183
3.151639
3.151665
3.151261
3.151073
3.151314
3.151340
3.151580
3.151392
3.151418
3.151444
3.151684
3.151923
3.151949
3.151761
3.151573
3.151812
3.152264
3.152290
3.152315
3.152766
3.152791
3.152816
3.152416
3.152442
3.152679
3.152704
3.152517
3.152330
3.152356
3.152593
3.152406
3.152431
3.152457
3.152270
3.152296
3.152532
3.152557
3.152792
3.153028
3.152842
3.152867
3.152681
3.152706
3.152311
3.152336
3.152361
3.152596
3.152621
3.152855
3.152670
3.152067
3.152092
3.151908
3.152142
3.152376
3.152401
3.152634
3.152451
3.152892
3.152708
3.152941
3.153174
3.153614
3.153015
3.153247
3.153063
3.153295
3.153112
3.153551
3.153575
3.153599
3.154037
3.153647
3.153258
3.153075
3.153512
3.153536
3.153560
3.153791
3.153814
3.153632
3.154068
3.154092
3.153704
3.153522
3.153546
3.153775
3.153799
3.153822
3.153436
3.153665
3.153893
3.153507
3.153531
3.152941
3.152761
3.152376
3.152400
3.152425
3.152449
3.152065
3.151478
3.151503
3.151731
3.152163
3.151984
3.152008
3.152439
3.152260
3.152487
3.152714
3.152130
3.151749
3.151976
3.152203
3.152024
3.151846
3.151466
3.150884
3.150909
3.150530
3.150555
3.150378
3.150403
3.150428
3.150655
3.150679
3.150503
3.150327
3.149950
3.149975
3.149799
3.150025
3.150050
3.150075
3.149900
3.149724
3.149750
3.149775
